====================================================================================================
                                   DETAILED RESULTS SUMMARY
====================================================================================================
Blur σ     BASE Loss          BASE Epochs     FOURIER Loss       FOURIER Epochs  Gap         
----------------------------------------------------------------------------------------------------
0          0.04288525         100             0.01667779         100             0.02620746
1          0.04244848         100             0.01478855         100             0.02765993
2          0.04146290         100             0.01091377         100             0.03054913
3          0.03705634         100             0.00937853         100             0.02767781
4          0.03644412         100             0.00682485         100             0.02961927
5          0.03294190         100             0.00687359         100             0.02606830
6          0.03256095         100             0.00556060         100             0.02700036
7          0.03024495         100             0.00620257         100             0.02404239
8          0.02969055         100             0.00605066         100             0.02363988
9          0.03061309         100             0.00602945         100             0.02458364
====================================================================================================
